Course Name: ORGB 1100
Quiz: 0.0
Lab: 13.5
Assignment Projects: 13.049999999999999
Presentations: 9.0
Participation: 7.6000000000000005
Midterm: 20.5
Final: 20.0
Date Calculated: 05/17/22
 
 
 
